SET1:

DSCF4177
3D:
[64 64 29;
 32 80 67;
 48 48 48;
 32 48 48;
 180 180 0.01;
 160 120 0.01]

2D:
[1034 1149;
 814 682;
 790 1062;
 666 1000;
 2427 986;
 2124 1266]
 
DSCF4178
3D:
[64, 0.01, 0.01;
 180, 180, 0.01;
 32, 80, 48;
 64, 64, 29;
 48, 16, 29;
 32, 80, 29];
2D:
[514, 1162;
 2431, 947;
 870, 258;
 946, 718;
 514, 822;
 910, 542];
 
DSCF4186
3D:
[0.01 80 29;
 32 80 67;
 32 48 48;
 160 120 0.01;
 0.01 64 19;
 180 40 0.01]
 
2D:
[2723 85;
 2411 482;
 2299 618;
 966 1478;
 2647 918;
 858 1142]
 
 DSCF4187
 
 3D:
 [32 80 67;
  0.01 80 48;
  48 48 48;
  0.01 80 29;
  180 40 0;
  160 60 0]
   
2D:
[2082 267;
 2319 402;
 1755 414;
 2299 590;
 486 1118;
 760 1162]
 
 
 DSCF4190
 3D:
 [64 0.01 19;
  32 80 29;
  0.01 80 67;
  48 16 48;
  160 20 0.01;
  20 180 0.01]
  
2D:
[698 830;
 1471 622;
 1503 185;
 842 526;
 492 1639;
 2429 836]
 
 DSCF4191
 3D:
 [32 80 67;
  48 16 48;
  64 0.01 29;
  0.01 80 48;
  180 20 0.01;
  140 40 0.01]
  
2D:
[1647 202;
 1047 426;
 878 645;
 1716 128;
 475 1597;
 934 1334]
 
 
 SET2
 DSCF4181
 3D:
 [16 16 48;
  32 48 67;
  0.01 80 29;
  0.01 48 48;
  180 180 0.01;
  20 180 0.01] 
  
2D:
[1843 1434;
 1539 1078;
 1103 1546;
 1407 1470;
 2219 934;
 433 1401]
 
 DSCF4182
 3D:
 [16 16 48;
  32 80 67;
  0.01 64 0.01;
  0.01 80 29;
  180 180 0.01;
  20 180 0.01]
  
2D:  
[2494 1306;
 1675 1006;
 1891 1902;
 1965 1642;
 2042 788;
 490 1750]
 
 DSCF4188:
 3D:
 [32 80 67;
  0.01 80 29;
  32 80 29;
  63 0.01 29;
  180 20 0.01;
  160 60 0.01]
  
 2D:
 [1904 274;
  2031 534;
  1895 458;
  1135 578;
  400 1370;
  886 1442]
  
  DSCF4189:
  3D:
  [32 80 67;
   64 0.01 29;
   0.01 80 67;
   180 20 0.01;
   20 180 0.01;
   140 60 0.01]

2D:
[1711 320;
 1026 653；
 1867 278;
 250 1292;
 2669 1074;
 867 1256]
 
 
 
 
  
  
  
 
 
  
 
 
 
 
 
 
 
 
 
 
 
 
 
 
 
 
 
